
*----+---------------------+---------------------*
| N  |          X          |         F(X)        |
*----+---------------------+---------------------*
|   1|                3.700|        8150320.38650|
*----+---------------------+---------------------*
|   2|                5.000|        8276787.50000|
*----+---------------------+---------------------*
|   3|                6.300|        8404544.08350|
*----+---------------------+---------------------*
|   4|                7.600|        8533596.72800|
*----+---------------------+---------------------*
|   5|                8.900|        8663952.02450|
*----+---------------------+---------------------*
|   6|               10.200|        8795616.56400|
*----+---------------------+---------------------*
|   7|               11.500|        8928596.93750|
*----+---------------------+---------------------*
|   8|               12.800|        9062899.73600|
*----+---------------------+---------------------*
|   9|               14.100|        9198531.55050|
*----+---------------------+---------------------*
|  10|               15.400|        9335498.97200|
*----+---------------------+---------------------*
|  11|               16.700|        9473808.59150|
*----+---------------------+---------------------*
|  12|               18.000|        9613467.00000|
*----+---------------------+---------------------*
|  13|               19.300|        9754480.78850|
*----+---------------------+---------------------*
|  14|               20.600|        9896856.54800|
*----+---------------------+---------------------*
|  15|               21.900|       10040600.86950|
*----+---------------------+---------------------*
|  16|               23.200|       10185720.34400|
*----+---------------------+---------------------*
|  17|               24.500|       10332221.56250|
*----+---------------------+---------------------*
|  18|               25.800|       10480111.11600|
*----+---------------------+---------------------*
|  19|               27.100|       10629395.59550|
*----+---------------------+---------------------*
|  20|               28.400|       10780081.59200|
*----+---------------------+---------------------*
|  21|               29.700|       10932175.69650|
*----+---------------------+---------------------*
|  22|               31.000|       11085684.50000|
*----+---------------------+---------------------*
|  23|               32.300|       11240614.59350|
*----+---------------------+---------------------*
|  24|               33.600|       11396972.56800|
*----+---------------------+---------------------*
|  25|               34.900|       11554765.01450|
*----+---------------------+---------------------*
|  26|               36.200|       11713998.52400|
*----+---------------------+---------------------*
|  27|               37.500|       11874679.68750|
*----+---------------------+---------------------*
|  28|               38.800|       12036815.09600|
*----+---------------------+---------------------*
|  29|               40.100|       12200411.34050|
*----+---------------------+---------------------*
|  30|               41.400|       12365475.01200|
*----+---------------------+---------------------*
|  31|               42.700|       12532012.70150|
*----+---------------------+---------------------*
|  32|               44.000|       12700031.00000|
*----+---------------------+---------------------*
|  33|               45.300|       12869536.49850|
*----+---------------------+---------------------*
|  34|               46.600|       13040535.78800|
*----+---------------------+---------------------*
|  35|               47.900|       13213035.45950|
*----+---------------------+---------------------*
|  36|               49.200|       13387042.10400|
*----+---------------------+---------------------*
|  37|               50.500|       13562562.31250|
*----+---------------------+---------------------*
|  38|               51.800|       13739602.67600|
*----+---------------------+---------------------*
|  39|               53.100|       13918169.78550|
*----+---------------------+---------------------*
|  40|               54.400|       14098270.23200|
*----+---------------------+---------------------*
|  41|               55.700|       14279910.60650|
*----+---------------------+---------------------*
|  42|               57.000|       14463097.50000|
*----+---------------------+---------------------*
|  43|               58.300|       14647837.50350|
*----+---------------------+---------------------*
|  44|               59.600|       14834137.20800|
*----+---------------------+---------------------*
|  45|               60.900|       15022003.20450|
*----+---------------------+---------------------*
|  46|               62.200|       15211442.08400|
*----+---------------------+---------------------*
|  47|               63.500|       15402460.43750|
*----+---------------------+---------------------*
|  48|               64.800|       15595064.85600|
*----+---------------------+---------------------*
|  49|               66.100|       15789261.93050|
*----+---------------------+---------------------*
|  50|               67.400|       15985058.25200|
*----+---------------------+---------------------*
|  51|               68.700|       16182460.41150|
*----+---------------------+---------------------*
|  52|               70.000|       16381475.00000|
*----+---------------------+---------------------*
|  53|               71.300|       16582108.60850|
*----+---------------------+---------------------*
|  54|               72.600|       16784367.82800|
*----+---------------------+---------------------*
|  55|               73.900|       16988259.24950|
*----+---------------------+---------------------*
|  56|               75.200|       17193789.46400|
*----+---------------------+---------------------*
|  57|               76.500|       17400965.06250|
*----+---------------------+---------------------*
|  58|               77.800|       17609792.63600|
*----+---------------------+---------------------*
|  59|               79.100|       17820278.77550|
*----+---------------------+---------------------*
|  60|               80.400|       18032430.07200|
*----+---------------------+---------------------*
|  61|               81.700|       18246253.11650|
*----+---------------------+---------------------*
|  62|               83.000|       18461754.50000|
*----+---------------------+---------------------*
|  63|               84.300|       18678940.81350|
*----+---------------------+---------------------*
|  64|               85.600|       18897818.64800|
*----+---------------------+---------------------*
|  65|               86.900|       19118394.59450|
*----+---------------------+---------------------*
|  66|               88.200|       19340675.24400|
*----+---------------------+---------------------*
|  67|               89.500|       19564667.18750|
*----+---------------------+---------------------*
|  68|               90.800|       19790377.01600|
*----+---------------------+---------------------*
|  69|               92.100|       20017811.32050|
*----+---------------------+---------------------*
|  70|               93.400|       20246976.69200|
*----+---------------------+---------------------*
|  71|               94.700|       20477879.72150|
*----+---------------------+---------------------*
|  72|               96.000|       20710527.00000|
*----+---------------------+---------------------*
|  73|               97.300|       20944925.11850|
*----+---------------------+---------------------*
|  74|               98.600|       21181080.66800|
*----+---------------------+---------------------*
|  75|               99.900|       21419000.23950|
*----+---------------------+---------------------*
|  76|              101.200|       21658690.42400|
*----+---------------------+---------------------*
|  77|              102.500|       21900157.81250|
*----+---------------------+---------------------*
|  78|              103.800|       22143408.99600|
*----+---------------------+---------------------*
|  79|              105.100|       22388450.56550|
*----+---------------------+---------------------*
|  80|              106.400|       22635289.11200|
*----+---------------------+---------------------*
|  81|              107.700|       22883931.22650|
*----+---------------------+---------------------*
|  82|              109.000|       23134383.50000|
*----+---------------------+---------------------*
|  83|              110.300|       23386652.52350|
*----+---------------------+---------------------*
|  84|              111.600|       23640744.88800|
*----+---------------------+---------------------*
|  85|              112.900|       23896667.18450|
*----+---------------------+---------------------*
|  86|              114.200|       24154426.00400|
*----+---------------------+---------------------*
|  87|              115.500|       24414027.93750|
*----+---------------------+---------------------*
|  88|              116.800|       24675479.57600|
*----+---------------------+---------------------*

 PE-21 Valeriia Kravetska